50 50 
1 1 1 0 0 0 1 1 0 1 1 1 0 1 0 1 1 1 0 0 1 0 1 1 1 0 0 0 1 1 1 0 0 1 1 1 0 0 0 0 1 1 0 0 1 0 1 1 1 0 
1 1 1 0 0 0 0 1 1 1 1 0 1 1 1 1 1 1 1 1 1 0 0 1 1 1 0 0 1 1 0 1 1 1 0 0 1 0 1 1 1 1 1 1 1 0 1 1 0 0 
0 1 1 1 0 0 1 1 0 1 0 1 1 1 1 1 1 1 1 1 1 1 1 1 1 1 1 1 1 1 1 1 1 0 1 1 1 1 0 1 1 1 0 0 1 1 1 1 1 1 
1 0 1 1 1 1 1 1 1 1 1 1 0 1 0 0 1 1 1 1 0 0 1 1 1 1 0 1 1 1 1 0 1 1 1 0 0 1 1 0 1 1 0 1 0 1 1 1 1 1 
1 1 1 0 0 1 1 1 1 1 1 1 0 0 0 0 1 0 0 1 0 0 0 0 0 1 1 1 0 1 1 1 1 1 0 0 1 1 0 1 1 1 1 1 1 1 0 1 1 1 
0 0 1 1 1 0 0 1 1 0 1 1 1 1 0 1 0 1 0 1 1 0 1 1 0 1 0 1 0 0 0 0 1 0 0 1 1 1 0 0 1 1 1 1 1 0 1 1 0 1 
0 0 1 0 0 1 1 1 1 0 0 1 0 1 1 1 0 1 1 1 1 1 1 0 1 0 1 1 1 1 1 1 1 1 1 1 1 1 0 1 1 1 1 1 0 0 1 1 0 1 
1 1 1 0 0 0 1 1 0 0 1 0 1 1 0 1 0 1 1 0 1 0 1 0 1 1 1 0 0 0 0 0 1 1 1 1 1 0 1 1 0 1 0 0 1 1 1 1 1 1 
1 1 1 0 1 1 1 1 0 1 1 1 0 0 0 1 0 0 1 0 0 1 1 0 1 0 1 1 1 1 1 0 1 1 0 1 0 0 0 1 0 1 1 1 0 1 0 0 1 1 
1 0 1 0 0 0 0 1 0 1 1 1 0 1 1 1 1 1 0 0 1 1 0 0 1 0 0 1 1 1 1 1 0 1 0 1 1 0 1 1 0 1 0 0 0 0 0 0 0 1 
1 0 1 1 0 0 1 1 1 0 0 1 0 1 1 1 0 0 1 0 0 0 0 0 0 0 0 1 1 1 1 1 0 1 1 1 1 1 1 0 1 1 0 0 0 0 0 0 0 0 
1 1 1 0 1 1 1 0 1 1 1 1 1 0 1 1 1 1 1 0 0 0 0 0 0 0 0 1 1 1 0 1 0 0 0 0 1 1 1 0 1 1 0 1 1 0 0 0 0 0 
1 1 0 1 0 1 1 1 1 0 0 1 1 1 1 1 1 1 0 0 0 0 0 0 0 0 0 0 0 1 0 1 1 0 1 1 1 0 1 0 0 1 1 1 0 0 0 0 0 0 
1 1 1 1 0 0 1 1 0 0 0 1 1 1 1 0 0 0 0 0 0 0 0 0 0 0 0 0 0 0 0 0 1 1 1 1 1 0 1 0 0 0 0 0 0 0 0 0 0 0 
1 1 1 1 0 1 1 1 1 0 1 1 1 1 0 0 0 0 0 0 0 0 0 0 0 0 0 0 0 0 0 0 0 1 1 0 0 0 1 1 0 0 0 0 0 0 0 0 0 0 
1 1 1 1 0 0 0 0 1 0 1 1 1 0 0 0 0 0 0 0 0 0 0 0 0 0 0 0 0 0 1 0 1 1 1 1 1 1 1 1 0 0 0 0 0 0 0 0 0 0 
1 1 1 0 0 0 0 1 1 0 1 0 1 0 0 0 0 0 0 0 0 0 0 0 0 0 0 0 0 1 1 0 1 0 0 1 1 0 1 0 0 0 0 0 0 0 0 0 0 0 
1 0 0 0 0 0 0 0 1 0 1 0 1 0 0 0 0 0 0 0 0 0 0 0 0 0 0 0 1 1 0 1 1 1 1 1 1 0 1 0 0 0 0 0 0 0 0 0 0 0 
1 0 0 1 0 1 0 0 1 1 1 1 0 0 0 0 0 0 0 0 0 0 0 0 0 0 0 0 0 1 1 1 0 1 1 0 1 1 0 0 0 0 0 0 0 0 0 0 0 0 
1 1 1 1 1 1 1 1 0 0 0 1 1 0 0 0 0 0 0 0 0 0 0 0 0 0 0 0 0 0 1 0 0 0 1 1 1 0 0 0 0 0 0 0 0 0 0 0 0 0 
1 0 0 1 0 1 0 1 1 0 1 0 1 1 1 1 1 1 0 0 0 0 0 0 0 0 0 0 0 0 0 0 1 1 0 1 1 0 0 0 0 0 0 0 0 0 0 0 0 0 
0 0 0 1 1 1 0 0 1 1 1 1 1 0 0 1 0 1 1 0 0 0 0 0 0 0 0 0 0 0 0 1 1 1 1 1 1 0 0 0 0 0 0 0 0 0 0 0 0 0 
1 1 1 1 0 1 0 0 0 0 1 1 1 0 1 1 1 1 1 1 0 0 0 0 0 0 0 0 0 0 0 1 0 1 0 1 1 1 0 0 0 0 0 0 0 0 0 0 0 0 
1 1 1 1 0 1 0 0 1 1 1 1 0 1 1 1 1 1 1 0 0 0 0 0 0 0 0 0 0 0 0 1 0 1 0 1 0 1 1 0 0 0 0 0 0 0 0 0 0 0 
1 1 1 1 1 1 0 1 1 1 0 1 1 1 0 1 0 1 0 0 0 0 0 0 0 0 0 0 0 0 1 1 0 1 1 1 1 0 0 1 0 0 1 0 0 0 0 0 0 0 
1 1 0 1 1 1 0 0 1 0 1 1 1 1 1 1 0 1 1 0 0 0 0 0 0 0 0 0 0 0 1 0 1 1 1 0 1 0 1 1 1 1 1 0 0 0 0 0 0 0 
0 1 1 0 1 0 0 1 1 1 1 0 1 1 1 0 0 1 0 0 0 0 0 0 0 0 0 0 0 0 1 0 1 0 0 0 1 1 1 1 1 0 1 0 0 0 0 0 0 0 
1 1 0 0 0 0 0 1 1 1 1 0 0 1 1 0 0 1 0 0 0 0 0 0 0 0 0 0 0 0 0 1 1 1 0 1 1 0 0 1 1 0 1 0 1 1 0 0 0 0 
1 1 0 0 1 0 1 1 1 1 1 0 0 1 0 0 0 0 0 0 0 0 0 0 0 0 0 0 1 1 1 0 1 0 0 1 0 0 1 1 1 0 0 1 1 0 0 0 0 0 
1 0 0 0 1 0 1 0 1 0 1 1 0 0 0 0 0 0 0 0 0 0 0 0 0 0 0 1 1 1 1 1 1 0 1 1 1 1 0 1 1 1 1 1 0 1 0 1 0 0 
1 1 1 1 1 1 0 1 1 1 1 0 0 0 0 0 0 0 0 0 0 0 0 0 0 0 0 0 1 0 1 0 0 0 1 1 1 0 1 1 1 1 0 1 1 1 1 1 0 0 
1 1 1 1 0 1 1 0 1 0 0 0 0 0 0 0 0 0 0 0 0 0 0 0 0 0 0 0 1 1 0 1 1 1 1 0 1 1 1 1 0 0 1 1 1 0 1 1 1 1 
0 1 1 0 0 0 1 0 0 0 0 0 0 0 0 0 0 0 0 0 0 0 0 0 0 0 0 0 1 0 0 1 1 0 0 1 1 1 1 0 0 0 0 1 0 1 1 1 1 0 
0 0 1 1 0 0 0 0 0 0 0 0 0 0 1 0 1 1 1 0 0 0 0 0 0 0 1 1 1 0 0 0 0 0 0 1 1 1 0 0 0 0 0 0 0 1 0 1 1 0 
0 1 1 1 0 0 0 0 0 0 0 1 0 0 1 1 1 0 1 1 1 0 0 0 0 0 0 1 1 1 0 0 0 0 0 0 0 1 0 0 0 0 0 0 0 0 1 1 0 0 
1 0 1 1 1 1 0 0 0 1 1 1 0 1 1 1 1 0 1 0 0 0 0 0 0 0 0 0 1 0 0 0 0 0 0 0 0 0 0 0 0 0 1 1 0 0 1 1 1 0 
1 1 1 1 0 0 0 0 0 0 1 1 1 1 0 0 1 1 0 0 0 0 0 0 0 0 0 1 1 1 0 0 0 0 0 0 0 0 0 0 0 0 1 1 0 0 1 0 1 1 
0 1 1 0 0 0 0 0 0 0 0 1 1 0 0 0 0 1 1 0 1 1 0 0 0 0 0 0 1 0 0 0 0 0 0 0 0 0 0 0 0 0 0 1 1 0 1 0 0 1 
0 1 1 0 0 0 0 0 0 0 0 1 1 0 0 0 1 1 1 0 1 0 0 0 0 0 0 0 1 0 0 0 0 0 0 0 0 0 0 0 0 0 0 0 1 1 1 0 1 1 
1 1 1 1 0 0 1 0 0 0 0 1 0 0 0 0 1 1 1 1 1 0 0 0 0 0 0 1 1 0 0 0 0 0 0 0 0 0 0 0 0 0 0 0 0 0 0 1 1 0 
0 0 1 1 1 1 1 1 1 1 1 1 0 0 0 0 0 0 0 0 1 1 0 1 0 0 0 1 1 0 0 1 1 0 1 0 0 0 0 0 0 0 0 0 0 1 1 1 0 0 
0 0 0 1 1 1 0 1 1 0 0 0 1 0 0 0 0 0 0 0 1 0 0 1 0 0 0 1 1 1 1 1 1 1 1 0 0 0 0 0 0 0 0 0 0 0 0 0 0 0 
0 0 1 1 1 0 1 1 0 1 1 1 1 1 0 0 0 0 0 1 1 1 1 1 1 0 0 1 0 0 0 1 0 1 0 0 0 0 0 0 0 0 0 0 0 0 0 0 0 0 
0 1 1 1 1 1 0 1 1 0 1 1 1 0 0 0 0 0 1 1 1 0 0 1 1 0 0 1 1 1 1 1 1 1 1 0 0 0 0 0 0 0 0 0 0 0 1 0 0 0 
1 0 1 1 1 1 1 1 1 1 1 1 0 0 0 0 0 0 0 1 0 0 0 1 0 0 0 1 1 0 1 1 0 1 1 0 0 1 1 1 1 1 1 1 1 1 1 1 0 0 
1 1 1 1 1 1 0 1 1 1 0 0 0 0 0 0 0 0 1 1 0 0 1 1 0 0 0 1 1 1 1 1 1 1 1 1 1 1 1 1 1 0 1 0 0 1 1 1 0 0 
0 0 1 1 0 0 0 1 0 0 0 0 0 0 0 0 0 0 1 1 1 0 1 1 0 0 0 1 1 1 0 0 1 1 1 0 1 1 1 0 1 1 0 0 0 1 1 1 0 0 
1 0 1 1 1 1 0 1 0 0 0 0 0 0 0 0 0 0 1 0 0 1 1 1 1 0 0 0 1 0 0 0 0 0 1 1 0 0 0 1 1 1 1 1 0 0 1 1 1 0 
1 1 1 1 1 0 0 0 0 0 0 0 0 0 0 0 0 0 1 1 1 1 1 1 1 0 0 0 0 0 0 0 0 0 0 0 0 0 0 0 1 1 0 1 1 0 1 1 1 1 
1 0 0 1 0 0 0 0 0 0 0 0 0 0 0 0 0 0 1 1 0 1 0 0 0 0 0 0 0 0 0 0 0 0 0 0 0 0 0 0 0 1 1 1 0 0 1 0 1 1 
0 0 
0 1 
0 2 
1 2 
2 2 
3 2 
3 3 
3 4 
3 5 
4 5 
4 6 
4 7 
4 8 
4 9 
4 10 
4 11 
3 11 
2 11 
2 12 
2 13 
2 14 
2 15 
2 16 
2 17 
2 18 
2 19 
2 20 
2 21 
2 22 
3 22 
3 23 
3 24 
3 25 
4 25 
4 26 
4 27 
5 27 
6 27 
6 26 
7 26 
8 26 
8 27 
9 27 
9 28 
9 29 
9 30 
9 31 
10 31 
11 31 
12 31 
12 32 
13 32 
13 33 
14 33 
15 33 
15 34 
15 35 
16 35 
16 36 
17 36 
18 36 
19 36 
20 36 
21 36 
22 36 
22 35 
23 35 
24 35 
24 34 
25 34 
25 33 
25 32 
26 32 
27 32 
28 32 
29 32 
29 31 
29 30 
29 29 
29 28 
30 28 
31 28 
32 28 
33 28 
34 28 
35 28 
36 28 
37 28 
38 28 
39 28 
40 28 
41 28 
41 29 
41 30 
41 31 
41 32 
41 33 
42 33 
43 33 
44 33 
45 33 
45 34 
45 35 
45 36 
45 37 
45 38 
45 39 
45 40 
44 40 
44 41 
44 42 
44 43 
44 44 
44 45 
44 46 
44 47 
45 47 
46 47 
47 47 
48 47 
48 48 
48 49 
49 49 
LENGTH 123