25 25 
1 1 1 1 1 1 1 0 0 0 0 0 0 0 0 0 0 0 0 0 0 0 0 0 0 
1 1 1 1 1 0 0 0 0 0 0 0 0 0 0 0 0 0 0 0 0 0 0 0 0 
0 0 1 1 1 1 1 1 1 1 1 1 1 1 1 1 1 1 1 1 1 1 1 0 0 
0 0 1 1 1 1 1 1 1 1 0 0 1 0 0 1 1 1 1 1 1 1 1 1 1 
0 0 1 1 1 1 0 1 1 1 1 1 0 0 0 1 1 1 0 1 1 0 0 0 1 
0 0 1 1 1 1 1 1 0 0 0 1 1 1 1 0 0 0 0 1 1 0 0 0 1 
0 0 0 1 1 1 1 1 1 1 1 0 1 1 1 0 0 0 0 1 1 0 0 0 1 
0 0 0 1 1 0 1 1 1 0 1 1 1 1 1 1 0 0 0 0 1 1 0 0 1 
0 0 0 0 1 1 1 1 1 1 0 0 0 1 0 0 0 0 0 0 0 1 1 1 0 
0 0 0 0 1 1 1 1 1 1 1 1 1 1 1 1 1 0 0 0 0 1 1 1 0 
0 0 0 0 0 0 1 0 1 1 1 0 1 0 0 1 1 1 1 0 0 0 1 1 0 
0 0 0 0 0 0 1 0 1 0 1 1 0 0 0 1 0 1 1 1 1 0 1 0 0 
0 0 0 0 0 0 0 0 0 0 1 0 0 0 0 0 0 1 1 0 0 0 0 0 0 
0 0 0 0 0 0 0 0 0 0 1 0 0 0 0 0 0 1 0 0 0 0 0 0 0 
0 0 0 0 0 0 0 0 0 0 1 1 1 1 1 1 0 1 1 1 0 0 0 0 0 
0 0 0 0 0 0 0 0 0 0 1 1 1 0 0 0 0 1 1 1 1 1 1 1 0 
0 0 0 0 0 0 0 0 0 0 1 0 1 1 0 0 0 1 1 1 1 1 1 1 1 
0 0 0 0 0 0 0 0 0 0 1 1 1 1 1 0 0 1 1 1 1 1 0 1 1 
0 0 0 0 0 0 0 0 0 0 1 1 1 1 1 1 1 0 1 0 1 1 0 1 1 
0 0 0 0 0 0 0 0 0 0 1 0 0 1 0 0 0 0 1 1 1 1 1 1 1 
0 0 0 0 0 0 0 0 0 0 0 0 0 1 1 0 0 0 0 1 1 1 1 1 1 
0 0 0 0 0 0 0 0 0 0 0 0 0 0 1 0 0 0 0 1 1 1 0 1 0 
0 0 0 0 0 0 0 0 0 0 0 0 0 0 1 0 0 0 0 1 1 1 1 1 1 
0 0 0 0 0 0 0 0 0 0 0 0 0 0 1 1 1 0 0 1 1 1 1 1 1 
0 0 0 0 0 0 0 0 0 0 0 0 0 0 0 0 1 0 0 1 1 1 1 0 0 
0 0 
1 0 
1 1 
1 2 
2 2 
2 3 
2 4 
2 5 
3 5 
3 6 
3 7 
3 8 
4 8 
4 9 
4 10 
4 11 
5 11 
5 12 
6 12 
6 13 
7 13 
8 13 
9 13 
9 14 
9 15 
10 15 
10 16 
10 17 
11 17 
12 17 
13 17 
14 17 
15 17 
16 17 
17 17 
17 18 
18 18 
19 18 
19 19 
19 20 
19 21 
20 21 
20 22 
20 23 
21 23 
22 23 
23 23 
23 24 
24 24 
