25 25 
1 1 1 1 1 0 0 0 0 0 0 0 0 0 0 0 0 0 0 0 0 0 0 0 0 
1 1 1 1 1 0 0 0 0 0 0 0 0 0 0 0 0 0 0 0 0 0 0 0 0 
0 0 1 1 1 1 1 1 1 1 1 1 1 1 1 1 1 1 1 1 1 1 1 0 0 
0 0 1 1 1 1 1 1 1 0 0 1 1 0 0 1 1 1 1 1 1 0 0 0 0 
0 0 1 1 1 1 0 1 0 0 0 1 0 0 0 1 1 1 0 1 1 0 0 0 0 
0 0 1 1 1 1 1 1 0 0 0 1 1 1 1 1 0 0 0 0 1 0 0 0 0 
0 0 1 1 1 1 1 1 1 1 1 0 1 1 1 0 0 0 0 0 1 0 0 0 0 
0 0 1 1 1 0 1 1 1 1 1 1 1 0 0 0 0 0 0 0 1 1 0 0 0 
0 0 1 0 1 0 1 1 1 1 0 0 1 1 0 0 0 0 0 0 1 1 1 1 0 
0 0 0 0 1 1 1 1 1 1 0 0 1 1 0 0 0 0 0 0 1 1 1 1 0 
0 0 0 0 0 0 1 1 1 1 1 0 1 1 1 1 1 1 1 1 1 1 1 1 1 
0 0 0 0 0 0 1 1 1 0 1 1 0 0 0 1 1 1 0 0 0 0 0 1 1 
0 0 0 0 0 0 0 1 0 0 1 0 0 0 0 1 0 0 0 0 0 0 0 1 1 
0 0 0 0 0 0 0 1 1 0 1 0 0 0 0 1 1 1 0 0 0 0 0 1 0 
0 0 0 0 0 0 0 1 1 1 1 0 0 0 0 1 1 1 1 1 0 0 0 0 0 
0 0 0 0 0 0 0 1 1 1 1 0 0 0 0 1 1 1 0 1 1 1 1 1 0 
0 0 0 0 0 0 0 0 1 0 0 0 0 0 0 1 1 0 0 1 0 1 1 1 1 
0 0 0 0 0 0 0 0 1 0 0 0 0 0 0 0 0 0 0 0 0 0 0 1 1 
0 0 0 0 0 0 0 0 1 0 0 0 0 0 0 0 0 0 0 0 0 0 0 1 1 
0 0 0 0 0 0 0 0 0 0 0 0 0 0 0 0 0 0 0 0 0 0 0 1 1 
0 0 0 0 0 0 0 0 0 0 0 0 0 0 0 0 0 0 0 0 0 0 0 1 1 
0 0 0 0 0 0 0 0 0 0 0 0 0 0 0 0 0 0 0 0 0 0 0 1 0 
0 0 0 0 0 0 0 0 0 0 0 0 0 0 0 0 0 0 0 0 0 0 0 1 1 
0 0 0 0 0 0 0 0 0 0 0 0 0 0 0 0 0 0 0 0 0 0 0 0 1 
0 0 0 0 0 0 0 0 0 0 0 0 0 0 0 0 0 0 0 0 0 0 0 0 0 
0 0 
0 1 
1 1 
1 2 
2 2 
2 3 
2 4 
3 4 
3 5 
4 5 
5 5 
6 5 
6 6 
6 7 
6 8 
6 9 
7 9 
7 10 
7 11 
7 12 
8 12 
9 12 
10 12 
10 13 
10 14 
10 15 
11 15 
12 15 
13 15 
14 15 
14 16 
14 17 
14 18 
14 19 
15 19 
15 20 
15 21 
15 22 
15 23 
16 23 
17 23 
18 23 
19 23 
20 23 
21 23 
22 23 
22 24 
23 24 
24 24 
